1,1,0,0,0.000000
1,2,311275,155637,0.015564
1,3,279224,93074,0.009307
1,4,971423,242855,0.024286
1,5,2626853,525370,0.052537
1,6,3159006,526501,0.052650
1,7,2649483,378497,0.037850
1,8,5330194,666274,0.066627
1,9,5976481,664053,0.066405
1,10,9996962,999696,0.099970
1,11,7489975,680906,0.068091
1,12,9189447,765787,0.076579
1,13,10946763,842058,0.084206
1,14,13838234,988445,0.098845
1,15,12931560,862104,0.086210
1,16,16324528,1020283,0.102028
1,17,19762024,1162472,0.116247
1,18,27209879,1511659,0.151166
1,19,25202881,1326467,0.132647
1,20,41528999,2076449,0.207645
1,21,31808616,1514696,0.151470
1,22,34265445,1557520,0.155752
1,23,37913334,1648405,0.164841
1,24,39220222,1634175,0.163418
1,25,44586330,1783453,0.178345
1,26,50562260,1944702,0.194470
1,27,52734195,1953118,0.195312
1,28,56292247,2010437,0.201044
1,29,61953337,2136321,0.213632
1,30,66461801,2215393,0.221539
1,31,71373508,2302371,0.230237
1,32,78203735,2443866,0.244387
2,1,0,0,0.000000
2,2,7728,3864,0.000386
2,3,9295985,3098661,0.309866
2,4,8717267,2179316,0.217932
2,5,18544721,3708944,0.370894
2,6,15869399,2644899,0.264490
2,7,23961163,3423023,0.342302
2,8,27237812,3404726,0.340473
2,9,36375314,4041701,0.404170
2,10,40823010,4082301,0.408230
2,11,50213795,4564890,0.456489
2,12,57392094,4782674,0.478267
2,13,66621796,5124753,0.512475
2,14,74098933,5292780,0.529278
2,15,84205625,5613708,0.561371
2,16,94040948,5877559,0.587756
2,17,105677633,6216331,0.621633
2,18,114485349,6360297,0.636030
2,19,127708457,6721497,0.672150
2,20,138140254,6907012,0.690701
2,21,151635177,7220722,0.722072
2,22,163255167,7420689,0.742069
2,23,177481871,7716603,0.771660
2,24,190362546,7931772,0.793177
2,25,206013486,8240539,0.824054
2,26,219468360,8441090,0.844109
2,27,234939697,8701470,0.870147
2,28,248550459,8876802,0.887680
2,29,265693819,9161855,0.916186
2,30,279478211,9315940,0.931594
2,31,297500667,9596795,0.959680
2,32,313100547,9784392,0.978439
3,1,0,0,0.000000
3,2,130944,65472,0.006547
3,3,2048803,682934,0.068293
3,4,6453935,1613483,0.161348
3,5,14101362,2820272,0.282027
3,6,15942397,2657066,0.265707
3,7,20535791,2933684,0.293368
3,8,28632971,3579121,0.357912
3,9,34278250,3808694,0.380869
3,10,39132563,3913256,0.391326
3,11,47273173,4297561,0.429756
3,12,54703550,4558629,0.455863
3,13,60961308,4689331,0.468933
3,14,71183231,5084516,0.508452
3,15,81414585,5427639,0.542764
3,16,89674180,5604636,0.560464
3,17,100472856,5910168,0.591017
3,18,110877577,6159865,0.615987
3,19,121800345,6410544,0.641054
3,20,133311951,6665597,0.666560
3,21,147602493,7028690,0.702869
3,22,157404565,7154752,0.715475
3,23,169899234,7386923,0.738692
3,24,183767126,7656963,0.765696
3,25,195893258,7835730,0.783573
3,26,210031742,8078143,0.807814
3,27,224376045,8310223,0.831022
3,28,238238185,8508506,0.850851
3,29,254840333,8787597,0.878760
3,30,270759278,9025309,0.902531
3,31,283593707,9148184,0.914818
3,32,300255235,9382976,0.938298
4,1,0,0,0.000000
4,2,26721,13360,0.001336
4,3,8023024,2674341,0.267434
4,4,11370490,2842622,0.284262
4,5,14202355,2840471,0.284047
4,6,20465699,3410949,0.341095
4,7,29246525,4178075,0.417807
4,8,35304877,4413109,0.441311
4,9,38114330,4234925,0.423493
4,10,42237246,4223724,0.422372
4,11,50821479,4620134,0.462013
4,12,59308993,4942416,0.494242
4,13,64863132,4989471,0.498947
4,14,69213635,4943831,0.494383
4,15,77889189,5192612,0.519261
4,16,87697549,5481096,0.548110
4,17,97498057,5735179,0.573518
4,18,106473969,5915220,0.591522
4,19,118341144,6228481,0.622848
4,20,126265451,6313272,0.631327
4,21,139388290,6637537,0.663754
4,22,149540358,6797289,0.679729
4,23,160078804,6959948,0.695995
4,24,173388722,7224530,0.722453
4,25,186480176,7459207,0.745921
4,26,200943381,7728591,0.772859
4,27,213481887,7906736,0.790674
4,28,224574634,8020522,0.802052
4,29,240001791,8275923,0.827592
4,30,252837458,8427915,0.842792
4,31,268022432,8645884,0.864588
4,32,282330729,8822835,0.882284
5,1,0,0,0.000000
5,2,82744,41372,0.004137
5,3,10166588,3388862,0.338886
5,4,15909144,3977286,0.397729
5,5,20874035,4174807,0.417481
5,6,25560046,4260007,0.426001
5,7,34376673,4910953,0.491095
5,8,40805007,5100625,0.510063
5,9,47524870,5280541,0.528054
5,10,53809543,5380954,0.538095
5,11,59525709,5411428,0.541143
5,12,63064429,5255369,0.525537
5,13,70069890,5389991,0.538999
5,14,80137222,5724087,0.572409
5,15,86708055,5780537,0.578054
5,16,94449543,5903096,0.590310
5,17,103254627,6073801,0.607380
5,18,111264308,6181350,0.618135
5,19,120634392,6349178,0.634918
5,20,128850088,6442504,0.644250
5,21,141445758,6735512,0.673551
5,22,151663832,6893810,0.689381
5,23,162790733,7077857,0.707786
5,24,172806980,7200290,0.720029
5,25,184643033,7385721,0.738572
5,26,196030279,7539626,0.753963
5,27,208919991,7737777,0.773778
5,28,220180763,7863598,0.786360
5,29,233671147,8057625,0.805763
5,30,246665215,8222173,0.822217
5,31,260486776,8402799,0.840280
5,32,274821530,8588172,0.858817
6,1,0,0,0.000000
6,2,16291,8145,0.000815
6,3,10158321,3386107,0.338611
6,4,19679611,4919902,0.491990
6,5,27646028,5529205,0.552921
6,6,33758753,5626458,0.562646
6,7,40595761,5799394,0.579939
6,8,47221788,5902723,0.590272
6,9,55157110,6128567,0.612857
6,10,62687045,6268704,0.626870
6,11,71100941,6463721,0.646372
6,12,78849188,6570765,0.657077
6,13,84770385,6520798,0.652080
6,14,89323344,6380238,0.638024
6,15,94061117,6270741,0.627074
6,16,101576765,6348547,0.634855
6,17,112221376,6601257,0.660126
6,18,122515047,6806391,0.680639
6,19,132005263,6947645,0.694765
6,20,139512393,6975619,0.697562
6,21,148883087,7089670,0.708967
6,22,156602136,7118278,0.711828
6,23,166557201,7241617,0.724162
6,24,176372034,7348834,0.734883
6,25,187504902,7500196,0.750020
6,26,199926797,7689492,0.768949
6,27,214794512,7955352,0.795535
6,28,223401418,7978622,0.797862
6,29,233095166,8037764,0.803776
6,30,243311206,8110373,0.811037
6,31,255355613,8237277,0.823728
6,32,268007691,8375240,0.837524
7,1,0,0,0.000000
7,2,8007,4003,0.000400
7,3,10061319,3353773,0.335377
7,4,21252992,5313248,0.531325
7,5,33618534,6723706,0.672371
7,6,42238203,7039700,0.703970
7,7,50523330,7217618,0.721762
7,8,54710779,6838847,0.683885
7,9,61726005,6858445,0.685844
7,10,71437253,7143725,0.714373
7,11,81586176,7416925,0.741693
7,12,90660789,7555065,0.755507
7,13,98549557,7580735,0.758074
7,14,107735348,7695382,0.769538
7,15,113234191,7548946,0.754895
7,16,118628206,7414262,0.741426
7,17,125497021,7382177,0.738218
7,18,133389322,7410517,0.741052
7,19,142802270,7515908,0.751591
7,20,152240908,7612045,0.761205
7,21,163102419,7766781,0.776678
7,22,173364253,7880193,0.788019
7,23,183924632,7996723,0.799672
7,24,192000079,8000003,0.800000
7,25,202110158,8084406,0.808441
7,26,209240029,8047693,0.804769
7,27,218494751,8092398,0.809240
7,28,229257619,8187772,0.818777
7,29,242520996,8362792,0.836279
7,30,252857524,8428584,0.842858
7,31,264663087,8537518,0.853752
7,32,275866478,8620827,0.862083
8,1,0,0,0.000000
8,2,573252,286626,0.028663
8,3,10773144,3591048,0.359105
8,4,22924487,5731121,0.573112
8,5,39262275,7852455,0.785246
8,6,55049199,9174866,0.917487
8,7,66666760,9523822,0.952382
8,8,68374421,8546802,0.854680
8,9,74859246,8317694,0.831769
8,10,81034331,8103433,0.810343
8,11,90534635,8230421,0.823042
8,12,101827239,8485603,0.848560
8,13,112305621,8638893,0.863889
8,14,121999260,8714232,0.871423
8,15,132263992,8817599,0.881760
8,16,141621401,8851337,0.885134
8,17,153468978,9027586,0.902759
8,18,161319035,8962168,0.896217
8,19,168460033,8866317,0.886632
8,20,174411990,8720599,0.872060
8,21,186482785,8880132,0.888013
8,22,194601540,8845524,0.884552
8,23,207872222,9037922,0.903792
8,24,224131021,9338792,0.933879
8,25,232706283,9308251,0.930825
8,26,243930433,9381939,0.938194
8,27,253398746,9385138,0.938514
8,28,263451609,9408986,0.940899
8,29,273987050,9447829,0.944783
8,30,283960395,9465346,0.946535
8,31,294289991,9493225,0.949323
8,32,304199520,9506235,0.950623
